-8 13 -12
-13 -18 -16
-12 -12 -17
11 15 11
-6 -8 -10
-2 7 -3
-12 17 -16
-12 16 17
6 8 -6
-5 -7 -9
-3 -4 -8
11 -13 13
-12 -16 -13
6 6 11
2 7 -7
-1 4 -6
1 -5 -4
8 -12 9
14 -17 15
11 -11 -16
-12 -16 -16
11 -15 -16
-14 17 14
-2 -7 3
-8 -10 8
9 -10 10
-3 3 -4
-3 5 -4
-2 5 -2
-6 8 -6
-5 -5 5
-13 -17 -16
6 -9 -7
1 -3 -6
-12 13 14
-3 4 -3
-10 15 -12
9 -12 14
-4 -7 8
-2 -6 -4
-11 11 -12
-3 -7 -8
11 11 -14
-14 15 -17
-4 8 -8
9 9 12
1 -3 2
-4 5 8
10 -12 14
1 1 -5
-2 6 -6
7 8 -10
-5 8 9
1 -5 -1
-4 9 -5
-4 -6 6
1 -3 -2
10 12 11
7 11 -10
6 -8 8
14 15 18
14 17 18
11 -13 -13
-5 5 5
11 15 16
12 13 15
-9 -12 14
11 16 15
-13 15 14
-4 -8 9
7 9 11
-7 -12 10
9 9 -10
-13 17 -13
14 17 16
-7 -8 -9
11 15 15
5 -10 5
11 -11 -14
-9 12 -10
-3 -8 -8
1 -6 6
6 -6 6
9 -10 12
-12 13 -16
14 -16 15
-5 -5 8
-8 -9 -13
-11 -12 11
-12 -13 -14
-4 8 -4
-14 -16 14
-2 6 -4
12 15 15
11 -13 -13
-12 15 17
3 5 -3
-5 8 6
-9 11 13
-5 -10 10
-3 7 5
-13 -13 -14
9 11 11
9 -14 9
-2 3 -6
-7 -7 9
-4 5 8
4 -4 -5
-10 -15 -13
-10 12 -14
-7 8 -11
-10 -10 10
5 -10 -9
4 8 4
13 -17 18
-10 -14 10
11 -11 -13
-5 8 -7
-14 15 -16
14 15 -18
1 5 -6
-5 8 9
8 -11 -9
7 -10 -8
-13 -15 18
-6 10 -11
-6 11 -9
-6 -6 -6
-4 -4 -7
8 -12 -11
-2 2 -3
4 -6 9
-5 -10 6
-2 6 -3
-8 -13 8
-10 15 15
-7 9 -7
-7 9 11
9 14 -10
13 -18 -16
-6 10 -8
-4 8 -5
14 -17 16
-12 -14 -17
14 -19 -18
-2 4 -7
11 16 -11
1 -4 1
-8 -9 -10
14 15 19
-13 -16 16
2 -6 7
-7 -10 -8
-8 10 11
-13 17 -16
2 -2 -7
7 11 -9
-7 12 10
-6 6 -6
4 6 -5
-6 9 -8
-7 -12 12
-6 -10 -6
8 -8 8
1 -5 3
8 -11 13
-1 1 -4
8 -12 -11
13 15 -15
-14 16 -19
10 11 13
1 5 -2
-2 -5 3
-11 -14 -13
-6 -10 9
-13 -13 -18
-10 14 13
7 11 -11
-4 -6 5
11 -16 -12
11 14 -13
13 14 16
-6 9 -6
-10 -13 15
-3 -8 -4
13 16 -13
8 8 -9
-7 11 -11
2 -7 -7
-12 -13 13
8 -8 -11
2 -6 5
3 -6 -4
2 -7 -2
-5 -7 -9
10 14 -10
12 -12 14
-11 -15 11
-10 11 11
-2 -2 6
10 -14 -10
-12 16 15
3 -7 7
14 17 14
7 -12 9
-8 -10 11
-5 -10 8
9 -9 13
14 -16 14
1 5 5
11 14 11
9 11 -13
1 1 6
-4 4 -6
13 18 15
1 -6 3
-12 -13 -17
14 -15 17
-12 -12 -15
14 15 18
1 4 -3
1 -2 2
-5 9 -9
-4 5 -8
-10 15 13
-3 -7 5
4 8 6
-4 -7 9
-12 13 -14
-2 -4 6
-13 -14 15
-6 -6 -10
-11 -11 -13
-9 14 10
-3 8 -8
8 10 -8
-5 10 -10
-13 17 -15
5 -7 -7
7 -9 11
-12 17 -17
-13 18 -17
-12 17 -16
-5 -10 6
-12 15 -14
-9 -14 11
-12 -16 12
-3 -8 -3
-10 14 -12
-2 -5 -6
14 -16 18
-1 1 -3
8 13 13
9 -9 -12
-13 13 -13
-13 14 15
3 -5 5
13 14 14
-5 -10 -7
-11 11 11
-3 4 -4
-3 -8 -4
13 -14 15
-10 13 -11
-9 10 11
-3 -6 -7
11 14 -13
-9 11 -11
-1 -5 1
-12 -12 -15
1 6 -6
9 11 -11
8 12 -13
11 -15 12
-9 -10 11
-10 -13 -12
-4 -9 9
3 -4 -4
2 -5 7
14 19 16
1 -4 -2
6 -6 8
11 14 -15
14 14 18
-5 9 8
1 -1 -4
11 -12 -12
-13 -16 15
-8 11 12
-12 15 -16
-4 9 7
2 -3 -7
1 -2 1
-4 -4 -6
8 -13 -13
11 -11 -12
-12 -14 -14
5 -6 -7
-12 15 -17
-6 -8 -6
-7 8 9
8 -13 9
-14 -17 17
7 11 -10
-14 17 -17
-7 10 -10
-7 -7 -11
1 4 -2
-13 -16 -17
12 16 -17
1 -6 -6
-5 9 -9
-12 12 14
-6 -10 7
14 14 14
14 15 19
-6 9 11
-5 5 7
12 -12 -15
-12 -12 14
11 -15 -14
1 4 4
-6 6 10
-12 -15 17
14 -15 -16
3 -7 -6
-10 10 14
-10 14 11
-8 11 13
3 -4 -3
-5 8 -10
9 -12 12
-4 8 -9
-5 8 7
-12 16 -17
-3 -5 8
12 -14 -12
4 9 7
-10 -11 -10
6 8 6
3 -6 3
-4 -7 9
-9 -14 11
8 13 -10
8 12 13
-13 14 15
13 -17 17
-11 -13 -14
12 -12 -17
-6 -7 6
1 -5 -6
-12 13 12
9 11 10
-10 12 14
9 9 12
-13 -18 -15
-5 8 8
-4 -7 8
8 11 -11
-5 8 -8
10 -13 15
11 -15 -12
-13 17 -17
14 -18 -17
-4 -5 -7
-7 8 -7
-13 15 18
7 -10 -7
-5 -7 9
4 -9 -5
-9 11 13
-4 -6 -6
-7 9 -10
-2 5 3
-8 -9 8
-5 9 9
-13 -15 -13
-8 -8 8
1 -6 -6
9 11 10
-7 -7 -12
9 -14 -10
-7 9 12
-10 -10 -10
-2 6 5
-6 -8 11
-3 -8 7
-13 14 -18
-6 8 10
-8 -8 -13
-3 -3 -5
-12 -14 14
-6 9 6
-12 12 16
14 17 -14
14 -18 -16
5 -6 8
-4 -6 -7
-2 5 -2
-2 2 -4
1 -1 -2
-5 9 -8
13 18 14
8 8 -11
-3 4 -6
-10 10 14
-10 14 -13
-2 -3 -2
9 11 10
-3 -6 -5
-13 17 -17
11 11 -13
3 -7 -7
11 16 -13
8 -12 -10
-14 14 -15
-6 -8 -9
-14 -16 14
2 2 -4
10 13 11
9 -14 9
-7 -7 -11
13 15 -17
7 11 9
-8 -10 -13
-12 -13 -13
8 10 -11
-13 18 17
13 -13 -18
-4 -5 -5
-9 -10 -9
8 11 10
-4 9 -7
-11 12 15
-11 12 -13
3 -6 -4
5 -7 9
10 15 -14
-2 -3 -5
9 9 -14
8 -13 -9
3 -6 -5
-10 10 12
-1 -4 -4
9 14 -13
8 12 -10
-5 -7 -6
-14 18 19
5 8 8
-11 -12 11
14 19 -19
6 -10 -9
2 -7 -2
-7 11 7
3 -5 4
13 18 -14
1 -4 -5
3 -4 8
-4 8 5
-11 13 14
-2 2 -7
-9 14 -12
12 -17 13
-13 -14 18
-11 -15 -13
-12 -16 -16
1 -5 4
2 -3 3
6 -10 -6
9 9 -12
-13 -15 14
-3 7 -4
13 -13 -17
13 -15 -13
-6 7 11
-5 10 10
-12 14 -13
10 -11 15
-7 12 -10
-3 -5 -5
1 3 5
9 13 -10
8 -12 -9
-5 9 8
12 15 -12
-8 13 -13
-6 11 -7
-1 -3 -6
-5 -9 -8
-5 -8 6
-10 -12 -11
2 -6 -4
-5 9 8
-6 -10 11
11 -12 13
2 -3 6
-4 -8 4
-9 9 10
5 8 -5
3 -4 -6
8 10 8
-14 -15 -19
-3 -7 5
8 -8 -12
1 4 3
-10 -14 -14
-10 12 -15
-4 -5 4
-10 13 -15
9 -14 -10
-2 -3 4
8 8 8
5 -5 8
-12 14 15
-14 -16 -17
-2 -5 -3
-11 -14 -16
-7 -12 -12
2 6 -4
9 11 11
-10 14 10
12 -12 -12
-12 12 15
8 11 -13
6 -9 9
8 -9 -9
-5 -6 8
-3 -7 -7
9 -10 -9
-8 8 -10
9 -11 -9
-3 -3 -6
11 16 -16
9 -13 9
5 5 8
14 -14 17
-12 17 15
-2 4 -4
-11 -13 11
13 15 -15
-4 7 9
-5 -7 -9
1 -2 -5
-7 -11 10
-7 9 8
-12 15 15
-2 -3 5
8 12 -13
-1 1 1
-2 -3 7
4 -7 -6
3 -3 -4
-2 -6 -3
-8 11 -13
6 11 9
-3 3 -7
-1 -2 1
6 7 -10
-12 -16 14
-12 14 -17
14 -15 16
-13 -15 16
7 -10 -10
-11 14 -12
-11 15 15
1 -3 4
12 -17 12
-12 -13 -14
-2 3 -2
-4 4 -5
-5 9 5
-4 6 -5
1 -4 2
-2 5 3
-11 -16 -16
-5 -9 9
-10 10 15
5 -5 10
-5 8 8
14 18 -19
-5 -8 -8
-9 11 14
9 -10 10
14 19 14
9 9 -12
12 13 -13
-2 5 -6
-4 -6 9
-3 6 7
-2 4 -6
6 10 -7
13 -13 15
1 -5 -5
13 14 13
5 -10 6
-13 18 -16
2 -5 -5
7 11 -7
-12 14 -14
-4 -4 9
-4 8 5
9 11 12
-9 10 -13
6 -8 -10
-3 -6 -4
-1 -6 -4
9 14 -10
9 -13 12
10 11 12
7 7 -10
9 9 -10
-4 6 -9
-11 -16 -12
-3 5 4
-12 -15 -14
14 -17 17
-6 -7 10
13 -17 -17
1 -1 1
-10 15 13
-14 14 -19
-7 8 -12
-13 16 -15
-8 11 -11
-5 8 6
-3 -3 -4
10 11 12
8 -10 10
1 4 -2
13 14 14
-9 12 -12
-2 4 -4
8 -11 8
4 8 6
14 14 -16
-12 15 -12
-12 16 -16
14 -14 -16
-2 -4 -3
11 -16 -14
-7 11 -7
-7 8 8
-14 -18 -19
-11 -14 -13
7 12 -12
5 -7 6
9 14 -9
-13 16 15
-11 11 11
14 19 -16
-10 -12 -13
-2 4 -6
-2 -5 -2
-8 11 -8
-3 8 -3
8 8 11
-2 4 -3
-2 -6 6
-11 -13 13
-9 -10 -13
-10 15 -10
-10 14 10
8 -11 -11
10 15 13
-10 14 15
-10 -14 10
10 -13 10
8 12 13
14 -17 -18
-5 8 -7
4 -5 7
13 -18 15
13 14 -17
7 -7 -12
-6 -6 -8
13 14 14
7 8 8
-3 6 -4
14 16 15
-6 -6 10
-10 10 -10
3 -4 -7
14 17 -19
14 -16 -14
-13 -13 -14
5 9 7
-5 -5 10
9 9 13
-2 4 -2
11 -13 16
-11 14 11
9 10 14
-12 -13 14
-3 -3 -7
9 14 -12
-14 18 -15
-14 14 -14
-10 14 -15
3 3 -5
-5 -9 10
-11 16 14
3 8 -3
-12 -17 -13
-5 -8 10
-8 11 -13
-3 7 -3
7 7 -7
9 -10 -12
-13 13 14
-5 5 5
-1 -1 -5
-3 -5 6
3 -7 -7
9 9 -11
11 -16 15
-7 -7 7
9 -9 13
-5 6 -8
11 16 -16
-13 18 -15
-12 16 -16
1 1 2
-6 6 -8
-1 -1 1
-13 15 -17
-5 10 6
-12 -13 15
-7 -7 7
-4 -8 -4
2 -5 -4
10 -12 12
12 17 -17
-4 -7 -7
10 15 -14
-13 14 -13
-13 -15 14
-13 15 13
-10 15 -10
14 18 -19
-9 13 9
-11 -14 -13
-3 -3 -3
12 13 -16
9 -13 -14
13 15 15
-10 15 -12
14 -17 -15
-14 -19 14
1 5 -5
13 -13 -14
-4 8 -5
-12 16 -17
6 -6 7
-6 9 6
-3 -5 -7
3 -4 -6
4 -9 -6
3 -4 8
12 16 -17
3 -7 -5
13 18 16
14 -14 14
-1 6 -2
-6 10 -9
-3 -8 -5
8 8 8
-5 -8 -6
10 -12 15
-12 14 17
2 -4 7
-3 -6 -4
-2 5 3
14 14 14
-6 11 11
11 -12 -11
3 8 -6
14 15 -16
-13 16 13
-11 11 13
11 16 11
-13 -17 13
-7 8 -9
-12 15 17
-5 -7 8
8 11 -12
-3 -5 7
-12 14 17
-10 15 10
-12 17 12
1 2 4
-1 6 1
-3 -3 -7
-13 15 -15
11 12 16
14 15 15
-13 -15 -16
-12 16 -16
11 13 -12
1 1 5
4 -6 9
13 14 -16
5 -9 9
9 -13 -12
5 -10 5
-12 12 -13
7 12 11
1 4 -4
-8 -12 -10
-4 -4 8
-6 -7 -6
-10 14 11
-7 8 -7
-5 -8 -9
-1 1 -4
3 8 4
-10 15 -15
12 -16 -13
13 16 -13
-12 13 -17
5 8 -6
-8 -9 11
-12 15 14
-4 -6 4
7 -8 9
-12 15 15
11 -14 11
14 -18 -17
5 8 8
-7 8 9
12 -12 17
-6 -11 -11
3 -4 8
2 -2 -2
1 5 4
8 10 9
-5 -9 9
3 3 -5
12 16 -17
8 12 -13
8 -8 8
-14 -17 -19
-13 15 16
-12 12 -13
9 -13 11
14 18 -15
-4 5 -5
3 3 -3
11 -15 14
-4 8 -8
-3 8 3
-13 16 15
-4 6 -8
1 6 2
-5 -7 -9
-14 14 -15
-12 -16 12
1 -6 -3
-4 -5 6
-13 -15 -14
4 -4 -5
2 -6 -7
-13 14 13
9 14 11
-9 -10 -12
2 -2 5
-7 10 7
-3 7 -6
8 11 -13
-10 12 -15
3 6 -7
-6 11 9
-9 -12 -12
4 -7 5
-14 18 -17
5 -6 -7
-13 18 -17
-4 -6 -6
6 -10 -8
14 -16 15
-3 -7 8
-7 7 9
11 12 -15
-9 14 -11
-6 -8 6
5 -5 10
4 4 -7
-2 -7 -5
-3 -6 -7
-6 11 7
-12 -14 -17
-7 -11 -12
10 -14 -10
10 -10 -14
4 5 -4
5 -6 -7
14 -17 17
5 5 -5
11 -14 12
-13 -16 17
4 -7 -6
-7 -10 -9
-5 9 6
-4 -9 6
1 -5 -2
4 9 -6
9 13 -9
3 -7 -3
5 9 8
8 12 13
9 -12 11
11 14 -15
-14 14 18
-13 -15 -16
14 -16 -14
-6 -8 8
2 -2 7
7 -12 -9
-8 13 9
-10 13 -10
-7 9 12
-9 -10 9
11 11 -14
10 -10 11
9 13 -13
-2 2 -3
-7 -10 12
-10 -15 14
-13 13 18
-3 -6 -8
-11 -16 -11
-11 14 15
1 3 5
8 -11 -11
8 8 -12
10 11 15
-10 14 -15
14 18 -16
9 -10 14
13 18 14
14 14 -14
13 15 -16
-6 -8 10
-6 -7 -6
-2 -5 -6
2 -3 -3
-7 7 8
-10 12 14
-9 -12 12
6 8 9
-8 -10 11
-14 -16 18
-5 10 8
-12 12 16
-12 12 13
8 -10 -13
-4 -9 -7
1 -4 -6
14 14 -16
-5 -7 7
-12 -17 -16
-5 -9 -7
-4 -6 -4
-2 7 -5
13 18 15
2 -6 -2
-4 5 -8
8 11 8
-6 -7 -6
-8 -11 -10
4 9 -6
14 -17 19
-2 -2 2
-4 -7 7
1 -5 3
-5 8 7
-5 10 -6
-3 3 -7
12 -12 -13
-2 5 -2
-8 -9 11
-8 -12 -13
-13 -13 -15
-2 -6 -6
-13 -16 -13
8 -11 13
-1 -2 -6
-12 -15 14
-3 -4 -5
-5 -9 9
12 -13 15
-13 18 13
5 -6 7
8 -13 11
-3 -6 -6
14 -14 -15
4 -7 -4
-3 3 5
-13 15 -14
8 13 -10
-12 -12 -12
-7 11 -7
-10 11 -13
-14 -19 -19
11 13 -12
5 -7 -7
-2 -7 -2
-2 5 -6
5 -6 6
12 -15 -17
-10 15 -12
-4 -5 -4
1 -2 -6
6 8 7
-6 8 8
14 -14 -16
-10 15 12
1 -3 -6
-4 8 -7
-10 15 12
-2 3 7
-7 -10 10
11 -16 -11
-2 -4 3
11 -11 12
-6 -10 11
-4 -5 -9
-12 14 -14
-3 7 7
-2 7 -3
6 7 9
4 8 -4
-13 15 16
-3 -7 -7
-13 18 -17
-5 -9 -8
-10 -14 -12
-12 -12 13
-11 -13 -13
8 -13 13
-5 9 -5
-1 -4 -3
-10 10 -12
-10 -10 -14
7 -12 -10
7 -12 12
-11 -12 -14
-5 -7 -9
13 -16 18
3 -5 -5
-2 4 -5
2 -4 7
-4 4 8
-1 -4 1
-10 -10 11
13 15 -18
14 -15 18
9 11 11
9 11 10
-9 9 14
-1 -4 3
-10 -11 -13
-7 11 8
-3 3 -5
-14 -18 -16
-2 -2 -5
8 -9 -9
5 8 -6
-5 -7 9
-13 15 15
-2 -4 -2
5 -5 9
5 -5 8
-10 15 -11
3 -7 8
10 -14 11
-5 -6 8
8 12 -9
5 -6 -9
-3 -5 -4
14 14 14
-4 -4 9
-13 -16 15
-2 -3 -5
-7 -9 -8
9 -10 14
-9 14 12
9 11 9
-2 7 5
-5 10 7
8 8 -13
1 -6 1
-3 7 -7
-12 -12 13
-8 9 11
7 12 -10
-13 14 18
9 -13 -12
-7 -10 8
-3 5 -7
-3 -3 8
-6 8 -8