-3 3 -7
-3 -5 -5
2 -3 -5
1 2 3
-10 -12 -12
-1 4 4
-7 -9 -12
-5 -7 8
-3 6 8
-2 2 -7
-13 17 -18
-5 -5 -5
11 -12 11
9 -13 12
-8 8 -10
8 11 10
-7 -12 -10
12 -16 13
-4 -8 5
-7 10 -10
-7 7 -7
11 13 -14
-3 -6 6
-11 -11 15
-14 -17 18
2 6 -6
-4 4 -7
-6 11 11
-13 -13 -18
4 4 8
-4 -4 9
-10 13 -12
-9 -14 9
1 -6 6
9 14 -10
10 15 15
-11 16 16
-7 -11 11
-12 16 -16
-2 -6 2
-6 -7 8
14 14 -14
-14 15 14
13 16 -17
10 11 -13
13 15 17
-3 6 -3
9 -9 -9
-3 -5 6
5 10 9
-12 14 13
12 13 -14
-10 13 15
-1 -5 -6
-4 -7 -9
-14 15 -16
-5 -7 -10
8 13 9
9 11 -10
-10 -14 11
3 -4 -5
-8 -10 -12
8 8 -10
14 -18 16
2 5 2
5 6 -7
11 -12 -15
-11 13 13
-5 -7 9
-7 10 7
1 -1 -5
-9 -12 -10
6 -11 -7
9 12 11
13 -17 -18
9 9 -14
-3 -4 -4
9 -12 -9
12 -14 14
13 18 17
-7 -11 -8
11 -16 -15
-6 6 6
-3 6 5
-7 12 -10
-6 11 -8
10 -15 -14
-6 -7 11
2 7 -5
-4 -6 -8
-12 13 14
-10 15 -10
3 -7 3
-14 -14 16
-5 9 8
-10 -12 15
-6 6 7
-12 16 13
9 13 14
13 -15 15